neut	0	1	1	  0.000	2	0.5
h1	1	1	0	  0.000	2	0.5
prot	1	1	0	  0.000	2	0.5
h2	1	2	1	  2.225	3	0.0
h3	1	3	2	  8.483	2	0.0
he3	2	3	1	  7.719	2	0.0
he4	2	4	2	 28.297	1	0.0
he6	2	6	4	 29.270	1	0.0
he7	2	7	5	 28.835	4	0.0
he8	2	8	6	 31.410	1	0.0
he9	2	9	7	 30.140	4	0.0
he10	2	10	8	 30.342	1	0.0
li6	3	6	3	 31.996	3	0.0
li7	3	7	4	 39.246	4	0.0
li8	3	8	5	 41.279	5	0.0
li9	3	9	6	 45.343	4	0.0
li10	3	10	7	 45.318	7	0.0
li11	3	11	8	 45.643	4	0.0
be7	4	7	3	 37.602	4	0.0
be8	4	8	4	 56.502	1	0.0
be9	4	9	5	 58.167	4	0.0
be10	4	10	6	 64.980	1	0.0
be11	4	11	7	 65.484	2	0.0
be12	4	12	8	 68.653	1	0.0
be13	4	13	9	 68.553	4	0.0
be14	4	14	10	 69.918	1	0.0
b8	5	8	3	 37.740	5	0.0
b9	5	9	4	 56.317	4	0.0
b10	5	10	5	 64.753	7	0.0
b11	5	11	6	 76.208	4	0.0
b12	5	12	7	 79.578	3	0.0
b13	5	13	8	 84.457	4	0.0
b14	5	14	9	 85.427	5	0.0
b15	5	15	10	 88.190	4	0.0
b17	5	17	12	 89.534	4	0.0
b19	5	19	14	 90.084	4	0.0
c9	6	9	3	 39.040	4	0.0
c10	6	10	4	 60.323	1	0.0
c11	6	11	5	 73.443	4	0.0
c12	6	12	6	 92.165	1	0.0
c13	6	13	7	 97.112	2	0.0
c14	6	14	8	105.288	1	0.0
c15	6	15	9	106.507	2	0.0
c16	6	16	10	110.757	1	0.0
c17	6	17	11	111.484	6	0.0
c18	6	18	12	115.668	1	0.0
c19	6	19	13	116.245	4	0.0
c20	6	20	14	119.180	1	0.0
c22	6	22	16	119.600	1	0.0
n11	7	11	4	 59.008	2	0.0
n12	7	12	5	 74.045	3	0.0
n13	7	13	6	 94.109	2	0.0
n14	7	14	7	104.662	3	0.0
n15	7	15	8	115.496	2	0.0
n16	7	16	9	117.985	5	0.0
n17	7	17	10	123.869	2	0.0
n18	7	18	11	126.698	5	0.0
n19	7	19	12	132.022	2	0.0
n20	7	20	13	134.190	5	0.0
n21	7	21	14	138.776	2	0.0
n22	7	22	15	140.060	7	0.0
n23	7	23	16	141.774	4	0.0
o13	8	13	5	 75.560	4	0.0
o14	8	14	6	 98.736	1	0.0
o15	8	15	7	111.960	2	0.0
o16	8	16	8	127.624	1	0.0
o17	8	17	9	131.767	6	0.0
o18	8	18	10	139.811	1	0.0
o19	8	19	11	143.767	6	0.0
o20	8	20	12	151.376	1	0.0
o21	8	21	13	155.182	2	0.0
o22	8	22	14	162.032	1	0.0
o23	8	23	15	164.775	4	0.0
o24	8	24	16	168.389	1	0.0
o25	8	25	17	168.089	4	0.0
o26	8	26	18	167.889	1	0.0
o28	8	28	20	165.896	1	0.0
o30	8	30	22	163.059	1	0.0
f14	9	14	5	 73.303	1	0.0
f15	9	15	6	 97.258	2	0.0
f16	9	16	7	111.424	1	0.0
f17	9	17	8	128.224	6	0.0
f18	9	18	9	137.374	3	0.0
f19	9	19	10	147.807	2	0.0
f20	9	20	11	154.408	5	0.0
f21	9	21	12	162.510	6	0.0
f22	9	22	13	167.741	9	0.0
f23	9	23	14	175.276	4	0.0
f24	9	24	15	179.118	1	0.0
f25	9	25	16	183.476	2	0.0
f26	9	26	17	184.548	5	0.0
f27	9	27	18	185.965	4	0.0
f28	9	28	19	185.737	7	0.0
f29	9	29	20	186.739	4	0.0
f30	9	30	21	186.203	7	0.0
f31	9	31	22	186.889	4	0.0
f37	9	37	28	181.367	4	0.0
ne16	10	16	6	 97.326	1	0.0
ne17	10	17	7	112.933	2	0.0
ne18	10	18	8	132.148	1	0.0
ne19	10	19	9	143.785	2	0.0
ne20	10	20	10	160.650	1	0.0
ne21	10	21	11	167.412	4	0.0
ne22	10	22	12	177.776	1	0.0
ne23	10	23	13	182.977	6	0.0
ne24	10	24	14	191.846	1	0.0
ne25	10	25	15	196.074	2	0.0
ne26	10	26	16	201.608	1	0.0
ne27	10	27	17	203.039	4	0.0
ne28	10	28	18	206.936	1	0.0
ne29	10	29	19	208.195	2	0.0
ne30	10	30	20	211.222	1	0.0
ne31	10	31	21	211.554	4	0.0
ne32	10	32	22	213.189	1	0.0
ne33	10	33	23	212.542	4	0.0
ne34	10	34	24	213.489	1	0.0
ne35	10	35	25	213.832	6	0.0
ne36	10	36	26	213.974	1	0.0
ne37	10	37	27	211.235	2	0.0
ne38	10	38	28	214.047	1	0.0
ne39	10	39	29	208.108	2	0.0
ne40	10	40	30	207.220	1	0.0
ne41	10	41	31	204.181	8	0.0
na18	11	18	7	112.493	1	0.0
na19	11	19	8	131.828	4	0.0
na20	11	20	9	145.978	5	0.0
na21	11	21	10	163.082	4	0.0
na22	11	22	11	174.152	7	0.0
na23	11	23	12	186.571	4	0.0
na24	11	24	13	193.531	9	0.0
na25	11	25	14	202.542	6	0.0
na26	11	26	15	208.118	7	0.0
na27	11	27	16	214.845	6	0.0
na28	11	28	17	218.388	3	0.0
na29	11	29	18	222.805	4	0.0
na30	11	30	19	225.181	5	0.0
na31	11	31	20	228.959	6	0.0
na32	11	32	21	230.621	1	0.0
na33	11	33	22	232.867	4	0.0
na34	11	34	23	233.067	1	0.0
na35	11	35	24	234.318	4	0.0
na36	11	36	25	234.018	7	0.0
na37	11	37	26	234.768	4	0.0
na38	11	38	27	236.674	5	0.0
na39	11	39	28	237.406	4	0.0
na40	11	40	29	234.118	5	0.0
na41	11	41	30	233.819	4	0.0
na42	11	42	31	231.251	5	0.0
na43	11	43	32	230.762	4	0.0
na44	11	44	33	227.774	5	0.0
mg19	12	19	7	110.932	2	0.0
mg20	12	20	8	134.473	1	0.0
mg21	12	21	9	149.205	4	0.0
mg22	12	22	10	168.584	1	0.0
mg23	12	23	11	181.732	4	0.0
mg24	12	24	12	198.264	1	0.0
mg25	12	25	13	205.595	6	0.0
mg26	12	26	14	216.688	1	0.0
mg27	12	27	15	223.131	2	0.0
mg28	12	28	16	231.635	1	0.0
mg29	12	29	17	235.307	4	0.0
mg30	12	30	18	241.670	1	0.0
mg31	12	31	19	244.049	4	0.0
mg32	12	32	20	249.857	1	0.0
mg33	12	33	21	252.080	6	0.0
mg34	12	34	22	256.237	1	0.0
mg35	12	35	23	256.965	4	0.0
mg36	12	36	24	259.765	1	0.0
mg37	12	37	25	260.012	6	0.0
mg38	12	38	26	262.336	1	0.0
mg39	12	39	27	261.836	2	0.0
mg40	12	40	28	263.240	1	0.0
mg41	12	41	29	263.367	8	0.0
mg42	12	42	30	264.098	1	0.0
mg43	12	43	31	261.410	2	0.0
mg44	12	44	32	267.702	1	0.0
mg45	12	45	33	258.463	2	0.0
mg46	12	46	34	260.805	1	0.0
mg47	12	47	35	254.446	4	0.0
al21	13	21	8	133.214	6	0.0
al22	13	22	9	149.222	7	0.0
al23	13	23	10	168.707	6	0.0
al24	13	24	11	183.605	9	0.0
al25	13	25	12	200.536	6	0.0
al26	13	26	13	211.901	11	0.0
al27	13	27	14	224.959	6	0.0
al28	13	28	15	232.685	7	0.0
al29	13	29	16	242.121	6	0.0
al30	13	30	17	247.850	7	0.0
al31	13	31	18	255.002	4	0.0
al32	13	32	19	259.182	3	0.0
al33	13	33	20	264.721	4	0.0
al34	13	34	21	267.196	5	0.0
al35	13	35	22	272.465	6	0.0
al36	13	36	23	274.625	7	0.0
al37	13	37	24	278.532	6	0.0
al38	13	38	25	280.499	1	0.0
al39	13	39	26	283.225	6	0.0
al40	13	40	27	283.398	9	0.0
al41	13	41	28	285.061	4	0.0
al42	13	42	29	285.158	5	0.0
al43	13	43	30	287.438	6	0.0
al44	13	44	31	286.599	5	0.0
al45	13	45	32	291.831	6	0.0
al46	13	46	33	284.882	5	0.0
al47	13	47	34	284.494	2	0.0
al48	13	48	35	281.436	11	0.0
al49	13	49	36	280.317	2	0.0
al50	13	50	37	278.279	3	0.0
al51	13	51	38	277.620	2	0.0
si22	14	22	8	134.458	1	0.0
si23	14	23	9	150.922	6	0.0
si24	14	24	10	172.011	1	0.0
si25	14	25	11	187.013	6	0.0
si26	14	26	12	206.053	1	0.0
si27	14	27	13	219.365	6	0.0
si28	14	28	14	236.545	1	0.0
si29	14	29	15	245.018	2	0.0
si30	14	30	16	255.628	1	0.0
si31	14	31	17	262.216	4	0.0
si32	14	32	18	271.419	1	0.0
si33	14	33	19	275.902	4	0.0
si34	14	34	20	283.438	1	0.0
si35	14	35	21	285.913	6	0.0
si36	14	36	22	292.107	1	0.0
si37	14	37	23	294.276	4	0.0
si38	14	38	24	299.835	1	0.0
si39	14	39	25	301.911	6	0.0
si40	14	40	26	306.444	1	0.0
si41	14	41	27	306.420	2	0.0
si42	14	42	28	309.620	1	0.0
si43	14	43	29	309.428	4	0.0
si44	14	44	30	311.353	1	0.0
si45	14	45	31	313.829	2	0.0
si46	14	46	32	318.060	1	0.0
si47	14	47	33	313.202	6	0.0
si48	14	48	34	313.863	1	0.0
si49	14	49	35	311.295	10	0.0
si50	14	50	36	311.596	1	0.0
si51	14	51	37	308.698	6	0.0
si52	14	52	38	309.600	1	0.0
si53	14	53	39	307.331	6	0.0
si54	14	54	40	307.163	1	0.0
p23	15	23	8	128.252	2	0.0
p24	15	24	9	149.986	7	0.0
p25	15	25	10	171.183	2	0.0
p26	15	26	11	187.153	7	0.0
p27	15	27	12	206.915	2	0.0
p28	15	28	13	221.428	7	0.0
p29	15	29	14	239.294	2	0.0
p30	15	30	15	250.613	3	0.0
p31	15	31	16	262.925	2	0.0
p32	15	32	17	270.861	3	0.0
p33	15	33	18	280.965	2	0.0
p34	15	34	19	287.257	3	0.0
p35	15	35	20	295.628	2	0.0
p36	15	36	21	299.093	5	0.0
p37	15	37	22	305.908	2	0.0
p38	15	38	23	309.743	5	0.0
p39	15	39	24	315.931	2	0.0
p40	15	40	25	319.235	5	0.0
p41	15	41	26	324.476	2	0.0
p42	15	42	27	326.333	9	0.0
p43	15	43	28	329.577	4	0.0
p44	15	44	29	331.315	1	0.0
p45	15	45	30	333.583	2	0.0
p46	15	46	31	334.054	1	0.0
p47	15	47	32	338.449	2	0.0
p48	15	48	33	335.891	7	0.0
p49	15	49	34	337.173	4	0.0
p50	15	50	35	335.294	7	0.0
p51	15	51	36	335.576	4	0.0
p52	15	52	37	334.247	3	0.0
p53	15	53	38	334.349	6	0.0
p54	15	54	39	333.070	7	0.0
p55	15	55	40	333.342	6	0.0
p56	15	56	41	330.634	7	0.0
p57	15	57	42	329.765	2	0.0
s24	16	24	8	125.461	1	0.0
s25	16	25	9	145.873	2	0.0
s26	16	26	10	171.374	1	0.0
s27	16	27	11	187.873	4	0.0
s28	16	28	12	209.414	1	0.0
s29	16	29	13	224.718	6	0.0
s30	16	30	14	243.693	1	0.0
s31	16	31	15	256.747	2	0.0
s32	16	32	16	271.789	1	0.0
s33	16	33	17	280.431	4	0.0
s34	16	34	18	291.848	1	0.0
s35	16	35	19	298.835	4	0.0
s36	16	36	20	308.724	1	0.0
s37	16	37	21	313.028	8	0.0
s38	16	38	22	321.064	1	0.0
s39	16	39	23	325.437	4	0.0
s40	16	40	24	333.213	1	0.0
s41	16	41	25	337.437	6	0.0
s42	16	42	26	344.167	1	0.0
s43	16	43	27	346.526	8	0.0
s44	16	44	28	351.749	1	0.0
s45	16	45	29	353.957	2	0.0
s46	16	46	30	358.077	1	0.0
s47	16	47	31	358.845	2	0.0
s48	16	48	32	361.720	1	0.0
s49	16	49	33	360.989	4	0.0
s50	16	50	34	363.412	1	0.0
s51	16	51	35	361.463	10	0.0
s52	16	52	36	362.725	1	0.0
s53	16	53	37	361.407	4	0.0
s54	16	54	38	362.608	1	0.0
s55	16	55	39	360.810	6	0.0
s56	16	56	40	361.871	1	0.0
s57	16	57	41	359.993	6	0.0
s58	16	58	42	360.084	1	0.0
s59	16	59	43	355.486	2	0.0
s60	16	60	44	354.578	1	0.0
cl25	17	25	8	118.470	2	0.0
cl26	17	26	9	142.252	3	0.0
cl27	17	27	10	165.343	2	0.0
cl28	17	28	11	186.148	3	0.0
cl29	17	29	12	207.633	4	0.0
cl30	17	30	13	224.405	3	0.0
cl31	17	31	14	243.987	4	0.0
cl32	17	32	15	258.321	3	0.0
cl33	17	33	16	274.066	4	0.0
cl34	17	34	17	285.574	1	0.0
cl35	17	35	18	298.219	4	0.0
cl36	17	36	19	306.799	5	0.0
cl37	17	37	20	317.111	4	0.0
cl38	17	38	21	323.219	5	0.0
cl39	17	39	22	331.292	4	0.0
cl40	17	40	23	337.122	5	0.0
cl41	17	41	24	344.943	2	0.0
cl42	17	42	25	350.620	5	0.0
cl43	17	43	26	357.947	2	0.0
cl44	17	44	27	362.081	9	0.0
cl45	17	45	28	368.284	4	0.0
cl46	17	46	29	372.701	1	0.0
cl47	17	47	30	376.582	2	0.0
cl48	17	48	31	378.840	1	0.0
cl49	17	49	32	381.910	2	0.0
cl50	17	50	33	382.977	5	0.0
cl51	17	51	34	384.854	2	0.0
cl52	17	52	35	382.863	11	0.0
cl53	17	53	36	384.254	2	0.0
cl54	17	54	37	383.836	1	0.0
cl55	17	55	38	384.737	2	0.0
cl56	17	56	39	384.049	5	0.0
cl57	17	57	40	385.071	2	0.0
cl58	17	58	41	385.432	7	0.0
cl59	17	59	42	386.594	2	0.0
cl60	17	60	43	385.245	7	0.0
cl61	17	61	44	386.657	2	0.0
cl62	17	62	45	384.538	3	0.0
cl63	17	63	46	383.540	2	0.0
ar27	18	27	9	139.141	6	0.0
ar28	18	28	10	166.113	1	0.0
ar29	18	29	11	184.584	4	0.0
ar30	18	30	12	207.983	1	0.0
ar31	18	31	13	224.844	2	0.0
ar32	18	32	14	246.409	1	0.0
ar33	18	33	15	261.665	2	0.0
ar34	18	34	16	278.729	1	0.0
ar35	18	35	17	291.471	4	0.0
ar36	18	36	18	306.727	1	0.0
ar37	18	37	19	315.514	4	0.0
ar38	18	38	20	327.353	1	0.0
ar39	18	39	21	333.952	8	0.0
ar40	18	40	22	343.821	1	0.0
ar41	18	41	23	349.921	8	0.0
ar42	18	42	24	359.347	1	0.0
ar43	18	43	25	365.006	4	0.0
ar44	18	44	26	373.741	1	0.0
ar45	18	45	27	378.910	2	0.0
ar46	18	46	28	386.931	1	0.0
ar47	18	47	29	391.190	4	0.0
ar48	18	48	30	397.070	1	0.0
ar49	18	49	31	399.572	2	0.0
ar50	18	50	32	404.000	1	0.0
ar51	18	51	33	405.366	2	0.0
ar52	18	52	34	408.639	1	0.0
ar53	18	53	35	409.110	10	0.0
ar54	18	54	36	408.923	1	0.0
ar55	18	55	37	409.635	10	0.0
ar56	18	56	38	412.947	1	0.0
ar57	18	57	39	411.868	10	0.0
ar58	18	58	40	413.580	1	0.0
ar59	18	59	41	412.831	8	0.0
ar60	18	60	42	414.653	1	0.0
ar61	18	61	43	413.904	6	0.0
ar62	18	62	44	416.036	1	0.0
ar63	18	63	45	413.858	4	0.0
ar64	18	64	46	414.109	1	0.0
ar65	18	65	47	411.131	2	0.0
ar66	18	66	48	409.702	1	0.0
ar67	18	67	49	407.154	10	0.0
k29	19	29	10	157.582	4	0.0
k30	19	30	11	179.203	3	0.0
k31	19	31	12	203.195	4	0.0
k32	19	32	13	223.009	3	0.0
k33	19	33	14	244.735	2	0.0
k34	19	34	15	261.051	3	0.0
k35	19	35	16	278.810	4	0.0
k36	19	36	17	293.139	5	0.0
k37	19	37	18	308.585	4	0.0
k38	19	38	19	320.657	7	0.0
k39	19	39	20	333.735	4	0.0
k40	19	40	21	341.534	9	0.0
k41	19	41	22	351.630	4	0.0
k42	19	42	23	359.164	5	0.0
k43	19	43	24	368.807	4	0.0
k44	19	44	25	376.095	5	0.0
k45	19	45	26	384.965	4	0.0
k46	19	46	27	391.847	5	0.0
k47	19	47	28	400.196	2	0.0
k48	19	48	29	404.696	5	0.0
k49	19	49	30	410.963	4	0.0
k50	19	50	31	414.067	1	0.0
k51	19	51	32	418.788	2	0.0
k52	19	52	33	421.057	5	0.0
k53	19	53	34	424.928	4	0.0
k54	19	54	35	426.404	11	0.0
k55	19	55	36	429.343	8	0.0
k56	19	56	37	428.224	5	0.0
k57	19	57	38	431.106	2	0.0
k58	19	58	39	431.357	11	0.0
k59	19	59	40	434.349	2	0.0
k60	19	60	41	434.511	1	0.0
k61	19	61	42	436.722	8	0.0
k62	19	62	43	436.614	9	0.0
k63	19	63	44	438.055	8	0.0
k64	19	64	45	435.507	7	0.0
k65	19	65	46	436.808	2	0.0
k66	19	66	47	435.420	7	0.0
k67	19	67	48	436.072	2	0.0
k68	19	68	49	434.613	11	0.0
k69	19	69	50	435.075	2	0.0
k70	19	70	51	432.716	7	0.0
ca30	20	30	10	153.561	1	0.0
ca31	20	31	11	175.813	6	0.0
ca32	20	32	12	201.814	1	0.0
ca33	20	33	13	221.936	4	0.0
ca34	20	34	14	245.634	1	0.0
ca35	20	35	15	262.257	2	0.0
ca36	20	36	16	281.370	1	0.0
ca37	20	37	17	296.164	4	0.0
ca38	20	38	18	313.133	1	0.0
ca39	20	39	19	326.420	4	0.0
ca40	20	40	20	342.063	1	0.0
ca41	20	41	21	350.426	8	0.0
ca42	20	42	22	361.907	1	0.0
ca43	20	43	23	369.840	8	0.0
ca44	20	44	24	380.972	1	0.0
ca45	20	45	25	388.387	8	0.0
ca46	20	46	26	398.781	1	0.0
ca47	20	47	27	406.058	8	0.0
ca48	20	48	28	416.004	1	0.0
ca49	20	49	29	421.150	4	0.0
ca50	20	50	30	427.503	1	0.0
ca51	20	51	31	431.867	4	0.0
ca52	20	52	32	436.585	1	0.0
ca53	20	53	33	440.045	4	0.0
ca54	20	54	34	444.112	1	0.0
ca55	20	55	35	446.408	6	0.0
ca56	20	56	36	449.803	1	0.0
ca57	20	57	37	451.554	4	0.0
ca58	20	58	38	454.495	1	0.0
ca59	20	59	39	454.987	2	0.0
ca60	20	60	40	458.178	1	0.0
ca61	20	61	41	458.940	10	0.0
ca62	20	62	42	461.691	1	0.0
ca63	20	63	43	460.923	4	0.0
ca64	20	64	44	463.405	1	0.0
ca65	20	65	45	462.626	6	0.0
ca66	20	66	46	464.648	1	0.0
ca67	20	67	47	463.679	8	0.0
ca68	20	68	48	465.321	1	0.0
ca69	20	69	49	464.022	10	0.0
ca70	20	70	50	465.714	1	0.0
ca71	20	71	51	462.856	2	0.0
ca72	20	72	52	462.777	1	0.0
ca73	20	73	53	459.919	4	0.0
sc32	21	32	11	171.112	1	0.0
sc33	21	33	12	195.704	8	0.0
sc34	21	34	13	217.635	5	0.0
sc35	21	35	14	241.027	8	0.0
sc36	21	36	15	260.250	9	0.0
sc37	21	37	16	279.379	8	0.0
sc38	21	38	17	295.228	5	0.0
sc39	21	39	18	312.531	4	0.0
sc40	21	40	19	326.958	9	0.0
sc41	21	41	20	343.149	8	0.0
sc42	21	42	21	354.699	1	0.0
sc43	21	43	22	366.837	8	0.0
sc44	21	44	23	376.537	5	0.0
sc45	21	45	24	387.860	8	0.0
sc46	21	46	25	396.621	9	0.0
sc47	21	47	26	407.268	8	0.0
sc48	21	48	27	415.503	13	0.0
sc49	21	49	28	425.631	8	0.0
sc50	21	50	29	431.687	11	0.0
sc51	21	51	30	438.440	8	0.0
sc52	21	52	31	443.650	7	0.0
sc53	21	53	32	448.988	8	0.0
sc54	21	54	33	453.655	3	0.0
sc55	21	55	34	457.089	8	0.0
sc56	21	56	35	460.851	7	0.0
sc57	21	57	36	464.339	8	0.0
sc58	21	58	37	466.897	9	0.0
sc59	21	59	38	469.836	8	0.0
sc60	21	60	39	471.862	7	0.0
sc61	21	61	40	476.958	8	0.0
sc62	21	62	41	477.339	3	0.0
sc63	21	63	42	480.401	2	0.0
sc64	21	64	43	481.182	5	0.0
sc65	21	65	44	483.854	2	0.0
sc66	21	66	45	484.135	5	0.0
sc67	21	67	46	486.407	2	0.0
sc68	21	68	47	486.349	9	0.0
sc69	21	69	48	488.170	2	0.0
sc70	21	70	49	487.822	9	0.0
sc71	21	71	50	489.033	2	0.0
sc72	21	72	51	487.685	1	0.0
sc73	21	73	52	487.856	2	0.0
sc74	21	74	53	485.968	5	0.0
sc75	21	75	54	485.220	2	0.0
sc76	21	76	55	482.071	1	0.0
ti34	22	34	12	193.773	1	0.0
ti35	22	35	13	215.654	6	0.0
ti36	22	36	14	239.836	1	0.0
ti37	22	37	15	258.808	2	0.0
ti38	22	38	16	280.408	1	0.0
ti39	22	39	17	296.081	2	0.0
ti40	22	40	18	314.503	1	0.0
ti41	22	41	19	329.424	4	0.0
ti42	22	42	20	346.917	1	0.0
ti43	22	43	21	359.188	8	0.0
ti44	22	44	22	375.487	1	0.0
ti45	22	45	23	385.016	8	0.0
ti46	22	46	24	398.205	1	0.0
ti47	22	47	25	407.086	6	0.0
ti48	22	48	26	418.713	1	0.0
ti49	22	49	27	426.855	8	0.0
ti50	22	50	28	437.795	1	0.0
ti51	22	51	29	444.167	4	0.0
ti52	22	52	30	451.976	1	0.0
ti53	22	53	31	457.412	4	0.0
ti54	22	54	32	464.249	1	0.0
ti55	22	55	33	468.396	2	0.0
ti56	22	56	34	473.734	1	0.0
ti57	22	57	35	476.413	4	0.0
ti58	22	58	36	481.708	1	0.0
ti59	22	59	37	484.228	4	0.0
ti60	22	60	38	488.732	1	0.0
ti61	22	61	39	490.804	2	0.0
ti62	22	62	40	494.880	1	0.0
ti63	22	63	41	496.496	10	0.0
ti64	22	64	42	503.440	1	0.0
ti65	22	65	43	503.852	4	0.0
ti66	22	66	44	507.763	1	0.0
ti67	22	67	45	508.155	6	0.0
ti68	22	68	46	511.246	1	0.0
ti69	22	69	47	511.338	8	0.0
ti70	22	70	48	514.149	1	0.0
ti71	22	71	49	514.051	10	0.0
ti72	22	72	50	516.473	1	0.0
ti73	22	73	51	514.854	2	0.0
ti74	22	74	52	515.656	1	0.0
ti75	22	75	53	513.537	4	0.0
ti76	22	76	54	513.439	1	0.0
ti77	22	77	55	510.610	2	0.0
ti78	22	78	56	509.992	1	0.0
ti79	22	79	57	508.714	4	0.0
ti80	22	80	58	507.765	1	0.0
v36	23	36	13	210.044	7	0.0
v37	23	37	14	234.945	4	0.0
v38	23	38	15	254.887	5	0.0
v39	23	39	16	276.938	4	0.0
v40	23	40	17	294.540	5	0.0
v41	23	41	18	313.147	2	0.0
v42	23	42	19	329.182	5	0.0
v43	23	43	20	347.109	2	0.0
v44	23	44	21	361.273	7	0.0
v45	23	45	22	377.107	8	0.0
v46	23	46	23	390.372	1	0.0
v47	23	47	24	403.373	4	0.0
v48	23	48	25	413.918	9	0.0
v49	23	49	26	425.471	8	0.0
v50	23	50	27	434.807	13	0.0
v51	23	51	28	445.859	8	0.0
v52	23	52	29	453.170	7	0.0
v53	23	53	30	461.649	8	0.0
v54	23	54	31	467.763	7	0.0
v55	23	55	32	475.095	8	0.0
v56	23	56	33	480.095	5	0.0
v57	23	57	34	486.275	4	0.0
v58	23	58	35	490.367	5	0.0
v59	23	59	36	495.296	4	0.0
v60	23	60	37	498.879	3	0.0
v61	23	61	38	503.734	6	0.0
v62	23	62	39	506.869	7	0.0
v63	23	63	40	511.428	4	0.0
v64	23	64	41	513.986	5	0.0
v65	23	65	42	517.911	4	0.0
v66	23	66	43	522.551	1	0.0
v67	23	67	44	525.882	4	0.0
v68	23	68	45	527.474	7	0.0
v69	23	69	46	530.866	4	0.0
v70	23	70	47	531.867	5	0.0
v71	23	71	48	534.629	4	0.0
v72	23	72	49	535.530	11	0.0
v73	23	73	50	537.912	4	0.0
v74	23	74	51	537.223	5	0.0
v75	23	75	52	537.965	4	0.0
v76	23	76	53	536.597	1	0.0
v77	23	77	54	536.838	4	0.0
v78	23	78	55	535.260	1	0.0
v79	23	79	56	535.211	4	0.0
v80	23	80	57	533.403	1	0.0
v81	23	81	58	532.894	4	0.0
v82	23	82	59	530.696	5	0.0
v83	23	83	60	529.718	4	0.0
cr38	24	38	14	232.295	1	0.0
cr39	24	39	15	252.706	2	0.0
cr40	24	40	16	276.048	1	0.0
cr41	24	41	17	294.459	2	0.0
cr42	24	42	18	314.241	1	0.0
cr43	24	43	19	330.435	4	0.0
cr44	24	44	20	349.835	1	0.0
cr45	24	45	21	363.411	6	0.0
cr46	24	46	22	381.991	1	0.0
cr47	24	47	23	395.147	4	0.0
cr48	24	48	24	411.479	1	0.0
cr49	24	49	25	422.062	6	0.0
cr50	24	50	26	435.063	1	0.0
cr51	24	51	27	444.324	8	0.0
cr52	24	52	28	456.363	1	0.0
cr53	24	53	29	464.303	4	0.0
cr54	24	54	30	474.022	1	0.0
cr55	24	55	31	480.269	4	0.0
cr56	24	56	32	488.514	1	0.0
cr57	24	57	33	493.829	4	0.0
cr58	24	58	34	501.211	1	0.0
cr59	24	59	35	505.339	4	0.0
cr60	24	60	36	512.023	1	0.0
cr61	24	61	37	515.771	4	0.0
cr62	24	62	38	522.077	1	0.0
cr63	24	63	39	525.261	4	0.0
cr64	24	64	40	530.957	1	0.0
cr65	24	65	41	533.673	2	0.0
cr66	24	66	42	538.745	1	0.0
cr67	24	67	43	541.069	4	0.0
cr68	24	68	44	547.432	1	0.0
cr69	24	69	45	549.253	6	0.0
cr70	24	70	46	553.595	1	0.0
cr71	24	71	47	554.636	8	0.0
cr72	24	72	48	558.248	1	0.0
cr73	24	73	49	559.220	10	0.0
cr74	24	74	50	562.501	1	0.0
cr75	24	75	51	561.863	2	0.0
cr76	24	76	52	563.454	1	0.0
cr77	24	77	53	562.296	4	0.0
cr78	24	78	54	563.517	1	0.0
cr79	24	79	55	562.029	4	0.0
cr80	24	80	56	561.811	1	0.0
cr81	24	81	57	560.212	4	0.0
cr82	24	82	58	560.524	1	0.0
cr83	24	83	59	558.805	4	0.0
cr84	24	84	60	558.707	1	0.0
cr85	24	85	61	556.348	4	0.0
cr86	24	86	62	555.930	1	0.0
mn40	25	40	15	247.245	5	0.0
mn41	25	41	16	271.257	6	0.0
mn42	25	42	17	290.609	5	0.0
mn43	25	43	18	312.500	6	0.0
mn44	25	44	19	329.193	5	0.0
mn45	25	45	20	348.777	6	0.0
mn46	25	46	21	364.105	9	0.0
mn47	25	47	22	382.069	6	0.0
mn48	25	48	23	397.201	9	0.0
mn49	25	49	24	413.565	6	0.0
mn50	25	50	25	426.648	1	0.0
mn51	25	51	26	440.334	6	0.0
mn52	25	52	27	450.870	13	0.0
mn53	25	53	28	462.924	8	0.0
mn54	25	54	29	471.863	7	0.0
mn55	25	55	30	482.090	6	0.0
mn56	25	56	31	489.360	7	0.0
mn57	25	57	32	498.009	6	0.0
mn58	25	58	33	504.501	7	0.0
mn59	25	59	34	512.145	4	0.0
mn60	25	60	35	517.915	7	0.0
mn61	25	61	36	524.364	6	0.0
mn62	25	62	37	528.919	7	0.0
mn63	25	63	38	535.303	6	0.0
mn64	25	64	39	539.640	3	0.0
mn65	25	65	40	545.767	6	0.0
mn66	25	66	41	549.420	1	0.0
mn67	25	67	42	554.641	6	0.0
mn68	25	68	43	557.906	7	0.0
mn69	25	69	44	562.680	6	0.0
mn70	25	70	45	566.393	1	0.0
mn71	25	71	46	570.964	6	0.0
mn72	25	72	47	573.116	9	0.0
mn73	25	73	48	577.047	6	0.0
mn74	25	74	49	578.999	5	0.0
mn75	25	75	50	582.430	6	0.0
mn76	25	76	51	582.502	5	0.0
mn77	25	77	52	583.964	6	0.0
mn78	25	78	53	583.565	7	0.0
mn79	25	79	54	584.747	6	0.0
mn80	25	80	55	583.928	7	0.0
mn81	25	81	56	584.820	6	0.0
mn82	25	82	57	583.151	7	0.0
mn83	25	83	58	583.383	6	0.0
mn84	25	84	59	582.265	3	0.0
mn85	25	85	60	582.676	6	0.0
mn86	25	86	61	581.058	7	0.0
mn87	25	87	62	580.879	6	0.0
mn88	25	88	63	578.991	7	0.0
mn89	25	89	64	578.922	2	0.0
fe42	26	42	16	269.266	1	0.0
fe43	26	43	17	288.748	2	0.0
fe44	26	44	18	311.189	1	0.0
fe45	26	45	19	329.302	4	0.0
fe46	26	46	20	350.198	1	0.0
fe47	26	47	21	365.647	6	0.0
fe48	26	48	22	385.256	1	0.0
fe49	26	49	23	399.749	8	0.0
fe50	26	50	24	417.714	1	0.0
fe51	26	51	25	431.533	6	0.0
fe52	26	52	26	447.714	1	0.0
fe53	26	53	27	458.399	8	0.0
fe54	26	54	28	471.778	1	0.0
fe55	26	55	29	481.076	4	0.0
fe56	26	56	30	492.274	1	0.0
fe57	26	57	31	499.920	2	0.0
fe58	26	58	32	509.965	1	0.0
fe59	26	59	33	516.546	4	0.0
fe60	26	60	34	525.366	1	0.0
fe61	26	61	35	530.947	4	0.0
fe62	26	62	36	538.998	1	0.0
fe63	26	63	37	543.715	6	0.0
fe64	26	64	38	551.011	1	0.0
fe65	26	65	39	555.190	2	0.0
fe66	26	66	40	561.957	1	0.0
fe67	26	67	41	566.148	2	0.0
fe68	26	68	42	571.655	1	0.0
fe69	26	69	43	574.995	4	0.0
fe70	26	70	44	580.570	1	0.0
fe71	26	71	45	583.742	6	0.0
fe72	26	72	46	589.112	1	0.0
fe73	26	73	47	593.625	8	0.0
fe74	26	74	48	598.567	1	0.0
fe75	26	75	49	600.618	10	0.0
fe76	26	76	50	605.080	1	0.0
fe77	26	77	51	605.141	2	0.0
fe78	26	78	52	607.393	1	0.0
fe79	26	79	53	607.234	4	0.0
fe80	26	80	54	608.836	1	0.0
fe81	26	81	55	607.968	2	0.0
fe82	26	82	56	609.549	1	0.0
fe83	26	83	57	608.441	4	0.0
fe84	26	84	58	609.102	1	0.0
fe85	26	85	59	607.974	4	0.0
fe86	26	86	60	609.365	1	0.0
fe87	26	87	61	607.847	4	0.0
fe88	26	88	62	608.329	1	0.0
fe89	26	89	63	606.810	6	0.0
fe90	26	90	64	607.422	1	0.0
fe91	26	91	65	604.743	2	0.0
fe92	26	92	66	605.885	1	0.0
co44	27	44	17	283.517	9	0.0
co45	27	45	18	307.379	2	0.0
co46	27	46	19	326.840	1	0.0
co47	27	47	20	347.539	2	0.0
co48	27	48	21	364.674	7	0.0
co49	27	49	22	383.961	4	0.0
co50	27	50	23	399.651	9	0.0
co51	27	51	24	417.802	8	0.0
co52	27	52	25	432.516	3	0.0
co53	27	53	26	449.316	8	0.0
co54	27	54	27	462.752	1	0.0
co55	27	55	28	476.842	8	0.0
co56	27	56	29	486.925	9	0.0
co57	27	57	30	498.302	8	0.0
co58	27	58	31	506.875	5	0.0
co59	27	59	32	517.329	8	0.0
co60	27	60	33	524.821	11	0.0
co61	27	61	34	534.142	8	0.0
co62	27	62	35	540.747	5	0.0
co63	27	63	36	549.227	8	0.0
co64	27	64	37	555.251	3	0.0
co65	27	65	38	562.700	8	0.0
co66	27	66	39	567.713	7	0.0
co67	27	67	40	574.734	8	0.0
co68	27	68	41	579.095	9	0.0
co69	27	69	42	585.819	8	0.0
co70	27	70	43	589.531	5	0.0
co71	27	71	44	595.833	8	0.0
co72	27	72	45	599.331	9	0.0
co73	27	73	46	605.139	8	0.0
co74	27	74	47	608.422	1	0.0
co75	27	75	48	613.746	8	0.0
co76	27	76	49	618.387	11	0.0
co77	27	77	50	622.869	8	0.0
co78	27	78	51	623.821	9	0.0
co79	27	79	52	626.212	8	0.0
co80	27	80	53	626.654	5	0.0
co81	27	81	54	628.495	8	0.0
co82	27	82	55	628.407	9	0.0
co83	27	83	56	630.098	8	0.0
co84	27	84	57	629.400	5	0.0
co85	27	85	58	630.182	2	0.0
co86	27	86	59	629.923	3	0.0
co87	27	87	60	631.195	2	0.0
co88	27	88	61	630.576	5	0.0
co89	27	89	62	631.288	2	0.0
co90	27	90	63	630.359	7	0.0
co91	27	91	64	631.201	6	0.0
co92	27	92	65	629.243	1	0.0
co93	27	93	66	629.214	2	0.0
co94	27	94	67	628.076	7	0.0
co95	27	95	68	627.887	2	0.0
co96	27	96	69	626.089	7	0.0
ni46	28	46	18	304.658	1	0.0
ni47	28	47	19	325.259	2	0.0
ni48	28	48	20	347.134	1	0.0
ni49	28	49	21	364.605	8	0.0
ni50	28	50	22	385.465	1	0.0
ni51	28	51	23	401.185	4	0.0
ni52	28	52	24	420.471	1	0.0
ni53	28	53	25	435.259	8	0.0
ni54	28	54	26	453.171	1	0.0
ni55	28	55	27	467.368	8	0.0
ni56	28	56	28	484.007	1	0.0
ni57	28	57	29	494.257	4	0.0
ni58	28	58	30	506.474	1	0.0
ni59	28	59	31	515.474	4	0.0
ni60	28	60	32	526.862	1	0.0
ni61	28	61	33	534.682	4	0.0
ni62	28	62	34	545.279	1	0.0
ni63	28	63	35	552.117	2	0.0
ni64	28	64	36	561.775	1	0.0
ni65	28	65	37	567.874	6	0.0
ni66	28	66	38	576.826	1	0.0
ni67	28	67	39	582.634	2	0.0
ni68	28	68	40	590.426	1	0.0
ni69	28	69	41	595.013	10	0.0
ni70	28	70	42	602.256	1	0.0
ni71	28	71	43	606.381	2	0.0
ni72	28	72	44	613.189	1	0.0
ni73	28	73	45	617.183	10	0.0
ni74	28	74	46	623.764	1	0.0
ni75	28	75	47	627.364	8	0.0
ni76	28	76	48	633.145	1	0.0
ni77	28	77	49	636.354	10	0.0
ni78	28	78	50	641.976	1	0.0
ni79	28	79	51	644.240	2	0.0
ni80	28	80	52	647.941	1	0.0
ni81	28	81	53	648.113	4	0.0
ni82	28	82	54	651.125	1	0.0
ni83	28	83	55	650.546	2	0.0
ni84	28	84	56	652.898	1	0.0
ni85	28	85	57	652.499	4	0.0
ni86	28	86	58	653.901	1	0.0
ni87	28	87	59	653.512	4	0.0
ni88	28	88	60	655.574	1	0.0
ni89	28	89	61	655.036	4	0.0
ni90	28	90	62	656.617	1	0.0
ni91	28	91	63	655.779	6	0.0
ni92	28	92	64	657.100	1	0.0
ni93	28	93	65	655.662	2	0.0
ni94	28	94	66	656.253	1	0.0
ni95	28	95	67	654.755	2	0.0
ni96	28	96	68	655.557	1	0.0
ni97	28	97	69	653.938	8	0.0
ni98	28	98	70	654.230	1	0.0
ni99	28	99	71	652.441	2	0.0
cu48	29	48	19	319.779	5	0.0
cu49	29	49	20	343.140	4	0.0
cu50	29	50	21	361.762	9	0.0
cu51	29	51	22	383.023	4	0.0
cu52	29	52	23	399.662	3	0.0
cu53	29	53	24	418.567	2	0.0
cu54	29	54	25	434.872	7	0.0
cu55	29	55	26	452.874	2	0.0
cu56	29	56	27	467.922	7	0.0
cu57	29	57	28	484.702	4	0.0
cu58	29	58	29	497.127	3	0.0
cu59	29	59	30	509.893	4	0.0
cu60	29	60	31	519.952	5	0.0
cu61	29	61	32	531.663	4	0.0
cu62	29	62	33	540.549	3	0.0
cu63	29	63	34	551.402	4	0.0
cu64	29	64	35	559.318	3	0.0
cu65	29	65	36	569.229	4	0.0
cu66	29	66	37	576.295	3	0.0
cu67	29	67	38	585.427	4	0.0
cu68	29	68	39	591.747	3	0.0
cu69	29	69	40	599.988	4	0.0
cu70	29	70	41	605.299	3	0.0
cu71	29	71	42	613.106	4	0.0
cu72	29	72	43	618.249	3	0.0
cu73	29	73	44	625.525	4	0.0
cu74	29	74	45	630.616	3	0.0
cu75	29	75	46	636.801	4	0.0
cu76	29	76	47	641.729	7	0.0
cu77	29	77	48	647.401	4	0.0
cu78	29	78	49	651.645	9	0.0
cu79	29	79	50	657.294	4	0.0
cu80	29	80	51	659.488	1	0.0
cu81	29	81	52	663.251	2	0.0
cu82	29	82	53	664.472	5	0.0
cu83	29	83	54	667.584	2	0.0
cu84	29	84	55	668.435	5	0.0
cu85	29	85	56	671.067	2	0.0
cu86	29	86	57	671.428	7	0.0
cu87	29	87	58	672.990	8	0.0
cu88	29	88	59	673.352	9	0.0
cu89	29	89	60	675.783	8	0.0
cu90	29	90	61	675.945	5	0.0
cu91	29	91	62	677.426	8	0.0
cu92	29	92	63	677.408	3	0.0
cu93	29	93	64	678.779	8	0.0
cu94	29	94	65	677.831	9	0.0
cu95	29	95	66	678.443	8	0.0
cu96	29	96	67	677.544	9	0.0
cu97	29	97	68	678.366	8	0.0
cu98	29	98	69	677.367	9	0.0
cu99	29	99	70	677.889	8	0.0
zn51	30	51	21	359.141	8	0.0
zn52	30	52	22	381.073	1	0.0
zn53	30	53	23	398.144	4	0.0
zn54	30	54	24	418.963	1	0.0
zn55	30	55	25	435.390	6	0.0
zn56	30	56	26	454.267	1	0.0
zn57	30	57	27	469.411	8	0.0
zn58	30	58	28	486.980	1	0.0
zn59	30	59	29	500.014	4	0.0
zn60	30	60	30	515.013	1	0.0
zn61	30	61	31	525.242	4	0.0
zn62	30	62	32	538.140	1	0.0
zn63	30	63	33	547.253	4	0.0
zn64	30	64	34	559.115	1	0.0
zn65	30	65	35	567.095	6	0.0
zn66	30	66	36	578.154	1	0.0
zn67	30	67	37	585.207	6	0.0
zn68	30	68	38	595.405	1	0.0
zn69	30	69	39	601.887	2	0.0
zn70	30	70	40	611.106	1	0.0
zn71	30	71	41	616.940	2	0.0
zn72	30	72	42	625.816	1	0.0
zn73	30	73	43	631.166	2	0.0
zn74	30	74	44	639.536	1	0.0
zn75	30	75	45	644.368	8	0.0
zn76	30	76	46	652.107	1	0.0
zn77	30	77	47	656.764	8	0.0
zn78	30	78	48	663.456	1	0.0
zn79	30	79	49	667.605	10	0.0
zn80	30	80	50	674.102	1	0.0
zn81	30	81	51	676.456	6	0.0
zn82	30	82	52	680.857	1	0.0
zn83	30	83	53	682.771	6	0.0
zn84	30	84	54	686.723	1	0.0
zn85	30	85	55	687.885	4	0.0
zn86	30	86	56	691.406	1	0.0
zn87	30	87	57	691.758	2	0.0
zn88	30	88	58	694.409	1	0.0
zn89	30	89	59	694.651	4	0.0
zn90	30	90	60	697.722	1	0.0
zn91	30	91	61	697.744	4	0.0
zn92	30	92	62	700.016	1	0.0
zn93	30	93	63	700.297	6	0.0
zn94	30	94	64	702.389	1	0.0
zn95	30	95	65	701.670	6	0.0
zn96	30	96	66	702.922	1	0.0
zn97	30	97	67	702.143	2	0.0
zn98	30	98	68	703.705	1	0.0
zn99	30	99	69	703.137	8	0.0
ga53	31	53	22	375.642	2	0.0
ga54	31	54	23	393.974	3	0.0
ga55	31	55	24	415.005	2	0.0
ga56	31	56	25	432.498	7	0.0
ga57	31	57	26	451.729	2	0.0
ga58	31	58	27	467.886	7	0.0
ga59	31	59	28	486.092	2	0.0
ga60	31	60	29	500.041	3	0.0
ga61	31	61	30	515.205	4	0.0
ga62	31	62	31	528.187	1	0.0
ga63	31	63	32	540.805	4	0.0
ga64	31	64	33	551.164	1	0.0
ga65	31	65	34	563.058	4	0.0
ga66	31	66	35	572.197	1	0.0
ga67	31	67	36	583.424	4	0.0
ga68	31	68	37	591.702	3	0.0
ga69	31	69	38	602.015	4	0.0
ga70	31	70	39	609.669	3	0.0
ga71	31	71	40	618.971	4	0.0
ga72	31	72	41	625.491	7	0.0
ga73	31	73	42	634.673	4	0.0
ga74	31	74	43	641.095	7	0.0
ga75	31	75	44	649.581	4	0.0
ga76	31	76	45	655.485	5	0.0
ga77	31	77	46	663.252	4	0.0
ga78	31	78	47	669.038	7	0.0
ga79	31	79	48	675.912	4	0.0
ga80	31	80	49	680.610	1	0.0
ga81	31	81	50	687.529	6	0.0
ga82	31	82	51	690.722	1	0.0
ga83	31	83	52	695.077	2	0.0
ga84	31	84	53	697.867	1	0.0
ga85	31	85	54	701.886	2	0.0
ga86	31	86	55	704.257	5	0.0
ga87	31	87	56	706.925	4	0.0
ga88	31	88	57	708.337	1	0.0
ga89	31	89	58	711.379	4	0.0
ga90	31	90	59	712.370	5	0.0
ga91	31	91	60	715.602	2	0.0
ga92	31	92	61	716.543	5	0.0
ga93	31	93	62	719.135	2	0.0
ga94	31	94	63	719.706	5	0.0
ga95	31	95	64	721.618	2	0.0
ga96	31	96	65	721.460	7	0.0
ga97	31	97	66	723.161	4	0.0
ga98	31	98	67	723.173	3	0.0
ga99	31	99	68	724.774	4	0.0
ge55	32	55	23	391.433	4	0.0
ge56	32	56	24	413.624	1	0.0
ge57	32	57	25	431.026	6	0.0
ge58	32	58	26	451.492	1	0.0
ge59	32	59	27	468.189	8	0.0
ge60	32	60	28	487.029	1	0.0
ge61	32	61	29	501.061	4	0.0
ge62	32	62	30	517.647	1	0.0
ge63	32	63	31	530.385	2	0.0
ge64	32	64	32	545.897	1	0.0
ge65	32	65	33	556.033	4	0.0
ge66	32	66	34	569.315	1	0.0
ge67	32	67	35	578.420	2	0.0
ge68	32	68	36	590.813	1	0.0
ge69	32	69	37	599.005	6	0.0
ge70	32	70	38	610.540	1	0.0
ge71	32	71	39	617.956	2	0.0
ge72	32	72	40	628.705	1	0.0
ge73	32	73	41	635.489	10	0.0
ge74	32	74	42	645.685	1	0.0
ge75	32	75	43	652.191	2	0.0
ge76	32	76	44	661.619	1	0.0
ge77	32	77	45	667.691	8	0.0
ge78	32	78	46	676.411	1	0.0
ge79	32	79	47	682.109	2	0.0
ge80	32	80	48	690.207	1	0.0
ge81	32	81	49	695.067	10	0.0
ge82	32	82	50	702.459	1	0.0
ge83	32	83	51	705.808	6	0.0
ge84	32	84	52	711.224	1	0.0
ge85	32	85	53	714.117	2	0.0
ge86	32	86	54	718.966	1	0.0
ge87	32	87	55	721.430	4	0.0
ge88	32	88	56	725.403	1	0.0
ge89	32	89	57	727.028	4	0.0
ge90	32	90	58	730.478	1	0.0
ge91	32	91	59	731.669	4	0.0
ge92	32	92	60	735.381	1	0.0
ge93	32	93	61	736.653	4	0.0
ge94	32	94	62	739.914	1	0.0
ge95	32	95	63	740.476	6	0.0
ge96	32	96	64	743.227	1	0.0
ge97	32	97	65	743.399	6	0.0
ge98	32	98	66	745.980	1	0.0
ge99	32	99	67	746.202	6	0.0
as57	33	57	24	408.274	4	0.0
as58	33	58	25	426.865	3	0.0
as59	33	59	26	447.547	4	0.0
as60	33	60	27	464.877	9	0.0
as61	33	61	28	484.602	2	0.0
as62	33	62	29	499.586	3	0.0
as63	33	63	30	516.516	4	0.0
as64	33	64	31	530.286	3	0.0
as65	33	65	32	545.817	4	0.0
as66	33	66	33	558.410	5	0.0
as67	33	67	34	571.627	6	0.0
as68	33	68	35	581.950	7	0.0
as69	33	69	36	594.209	6	0.0
as70	33	70	37	603.537	1	0.0
as71	33	71	38	615.160	6	0.0
as72	33	72	39	623.567	5	0.0
as73	33	73	40	634.366	4	0.0
as74	33	74	41	642.340	5	0.0
as75	33	75	42	652.584	4	0.0
as76	33	76	43	659.913	5	0.0
as77	33	77	44	669.612	4	0.0
as78	33	78	45	676.584	5	0.0
as79	33	79	46	685.475	4	0.0
as80	33	80	47	692.069	3	0.0
as81	33	81	48	700.515	4	0.0
as82	33	82	49	706.377	3	0.0
as83	33	83	50	714.005	6	0.0
as84	33	84	51	718.278	1	0.0
as85	33	85	52	723.591	4	0.0
as86	33	86	53	727.489	5	0.0
as87	33	87	54	732.394	4	0.0
as88	33	88	55	735.770	5	0.0
as89	33	89	56	739.697	2	0.0
as90	33	90	57	742.077	5	0.0
as91	33	91	58	745.556	2	0.0
as92	33	92	59	747.695	3	0.0
as93	33	93	60	751.300	2	0.0
as94	33	94	61	753.242	5	0.0
as95	33	95	62	756.673	4	0.0
as96	33	96	63	758.005	3	0.0
as97	33	97	64	760.847	4	0.0
as98	33	98	65	761.988	7	0.0
as99	33	99	66	764.750	2	0.0
se59	34	59	25	424.545	6	0.0
se60	34	60	26	446.306	1	0.0
se61	34	61	27	463.738	8	0.0
se62	34	62	28	483.609	1	0.0
se63	34	63	29	498.841	2	0.0
se64	34	64	30	516.632	1	0.0
se65	34	65	31	530.973	2	0.0
se66	34	66	32	547.848	1	0.0
se67	34	67	33	560.688	4	0.0
se68	34	68	34	576.484	1	0.0
se69	34	69	35	586.642	4	0.0
se70	34	70	36	600.458	1	0.0
se71	34	71	37	609.600	4	0.0
se72	34	72	38	622.449	1	0.0
se73	34	73	39	630.844	10	0.0
se74	34	74	40	642.911	1	0.0
se75	34	75	41	650.939	6	0.0
se76	34	76	42	662.093	1	0.0
se77	34	77	43	669.512	2	0.0
se78	34	78	44	680.011	1	0.0
se79	34	79	45	686.974	8	0.0
se80	34	80	46	696.887	1	0.0
se81	34	81	47	703.589	2	0.0
se82	34	82	48	712.865	1	0.0
se83	34	83	49	718.683	10	0.0
se84	34	84	50	727.366	1	0.0
se85	34	85	51	731.914	6	0.0
se86	34	86	52	738.098	1	0.0
se87	34	87	53	742.210	6	0.0
se88	34	88	54	747.578	1	0.0
se89	34	89	55	750.968	6	0.0
se90	34	90	56	755.770	1	0.0
se91	34	91	57	758.253	4	0.0
se92	34	92	58	762.635	1	0.0
se93	34	93	59	764.774	4	0.0
se94	34	94	60	768.933	1	0.0
se95	34	95	61	771.711	4	0.0
se96	34	96	62	775.833	1	0.0
se97	34	97	63	777.294	6	0.0
se98	34	98	64	780.856	1	0.0
se99	34	99	65	782.157	6	0.0
br61	35	61	26	441.025	2	0.0
br62	35	62	27	458.867	1	0.0
br63	35	63	28	479.549	10	0.0
br64	35	64	29	495.800	11	0.0
br65	35	65	30	513.982	10	0.0
br66	35	66	31	528.923	5	0.0
br67	35	67	32	546.213	10	0.0
br68	35	68	33	560.128	9	0.0
br69	35	69	34	576.034	10	0.0
br70	35	70	35	589.056	11	0.0
br71	35	71	36	602.764	6	0.0
br72	35	72	37	612.788	7	0.0
br73	35	73	38	625.473	2	0.0
br74	35	74	39	635.222	1	0.0
br75	35	75	40	647.126	4	0.0
br76	35	76	41	656.348	3	0.0
br77	35	77	42	667.365	4	0.0
br78	35	78	43	675.654	3	0.0
br79	35	79	44	686.342	4	0.0
br80	35	80	45	694.235	3	0.0
br81	35	81	46	704.392	4	0.0
br82	35	82	47	711.985	11	0.0
br83	35	83	48	721.569	4	0.0
br84	35	84	49	728.431	5	0.0
br85	35	85	50	737.313	4	0.0
br86	35	86	51	742.414	5	0.0
br87	35	87	52	748.703	4	0.0
br88	35	88	53	753.650	1	0.0
br89	35	89	54	759.561	4	0.0
br90	35	90	55	763.681	3	0.0
br91	35	91	56	768.641	2	0.0
br92	35	92	57	771.784	5	0.0
br93	35	93	58	776.325	6	0.0
br94	35	94	59	779.151	3	0.0
br95	35	95	60	783.320	2	0.0
br96	35	96	61	786.119	5	0.0
br97	35	97	62	790.214	2	0.0
br98	35	98	63	793.464	7	0.0
br99	35	99	64	797.165	2	0.0
kr63	36	63	27	456.506	2	0.0
kr64	36	64	28	478.218	1	0.0
kr65	36	65	29	494.769	4	0.0
kr66	36	66	30	513.971	1	0.0
kr67	36	67	31	529.073	6	0.0
kr68	36	68	32	547.094	1	0.0
kr69	36	69	33	561.211	2	0.0
kr70	36	70	34	578.523	1	0.0
kr71	36	71	35	591.842	10	0.0
kr72	36	72	36	606.931	1	0.0
kr73	36	73	37	617.614	6	0.0
kr74	36	74	38	631.465	1	0.0
kr75	36	75	39	641.529	6	0.0
kr76	36	76	40	654.291	1	0.0
kr77	36	77	41	663.518	6	0.0
kr78	36	78	42	675.600	1	0.0
kr79	36	79	43	683.934	2	0.0
kr80	36	80	44	695.455	1	0.0
kr81	36	81	45	703.329	8	0.0
kr82	36	82	46	714.296	1	0.0
kr83	36	83	47	721.759	10	0.0
kr84	36	84	48	732.280	1	0.0
kr85	36	85	49	739.401	10	0.0
kr86	36	86	50	749.258	1	0.0
kr87	36	87	51	754.773	6	0.0
kr88	36	88	52	761.828	1	0.0
kr89	36	89	53	766.934	4	0.0
kr90	36	90	54	773.249	1	0.0
kr91	36	91	55	777.661	6	0.0
kr92	36	92	56	783.207	1	0.0
kr93	36	93	57	786.511	2	0.0
kr94	36	94	58	791.708	1	0.0
kr95	36	95	59	794.676	4	0.0
kr96	36	96	60	799.738	1	0.0
kr97	36	97	61	802.696	4	0.0
kr98	36	98	62	807.647	1	0.0
kr99	36	99	63	810.418	6	0.0
rb66	37	66	29	490.079	5	0.0
rb67	37	67	30	509.640	4	0.0
rb68	37	68	31	525.692	5	0.0
rb69	37	69	32	543.913	4	0.0
rb70	37	70	33	559.445	9	0.0
rb71	37	71	34	576.441	8	0.0
rb72	37	72	35	590.325	3	0.0
rb73	37	73	36	606.332	4	0.0
rb74	37	74	37	620.268	1	0.0
rb75	37	75	38	633.644	4	0.0
rb76	37	76	39	644.974	1	0.0
rb77	37	77	40	657.390	4	0.0
rb78	37	78	41	667.574	1	0.0
rb79	37	79	42	679.512	6	0.0
rb80	37	80	43	688.954	3	0.0
rb81	37	81	44	700.307	4	0.0
rb82	37	82	45	709.112	3	0.0
rb83	37	83	46	720.070	6	0.0
rb84	37	84	47	728.817	5	0.0
rb85	37	85	48	739.306	6	0.0
rb86	37	86	49	747.957	5	0.0
rb87	37	87	50	757.879	4	0.0
rb88	37	88	51	763.962	5	0.0
rb89	37	89	52	771.137	4	0.0
rb90	37	90	53	776.858	1	0.0
rb91	37	91	54	783.313	4	0.0
rb92	37	92	55	788.412	1	0.0
rb93	37	93	56	794.329	6	0.0
rb94	37	94	57	798.336	1	0.0
rb95	37	95	58	803.708	6	0.0
rb96	37	96	59	807.150	5	0.0
rb97	37	97	60	812.354	4	0.0
rb98	37	98	61	816.291	5	0.0
rb99	37	99	62	821.019	6	0.0
sr68	38	68	30	508.569	1	0.0
sr69	38	69	31	524.781	2	0.0
sr70	38	70	32	544.003	1	0.0
sr71	38	71	33	559.204	4	0.0
sr72	38	72	34	577.496	1	0.0
sr73	38	73	35	591.196	4	0.0
sr74	38	74	36	608.266	1	0.0
sr75	38	75	37	622.262	4	0.0
sr76	38	76	38	637.956	1	0.0
sr77	38	77	39	649.588	6	0.0
sr78	38	78	40	663.029	1	0.0
sr79	38	79	41	673.403	4	0.0
sr80	38	80	42	686.307	1	0.0
sr81	38	81	43	695.598	2	0.0
sr82	38	82	44	708.150	1	0.0
sr83	38	83	45	717.009	8	0.0
sr84	38	84	46	728.928	1	0.0
sr85	38	85	47	737.459	10	0.0
sr86	38	86	48	748.951	1	0.0
sr87	38	87	49	757.380	10	0.0
sr88	38	88	50	768.493	1	0.0
sr89	38	89	51	774.852	6	0.0
sr90	38	90	52	782.656	1	0.0
sr91	38	91	53	788.431	6	0.0
sr92	38	92	54	795.725	1	0.0
sr93	38	93	55	801.013	6	0.0
sr94	38	94	56	807.841	1	0.0
sr95	38	95	57	812.189	2	0.0
sr96	38	96	58	818.082	1	0.0
sr97	38	97	59	822.003	2	0.0
sr98	38	98	60	827.932	1	0.0
sr99	38	99	61	831.544	4	0.0
y70	39	70	31	520.740	5	0.0
y71	39	71	32	540.062	6	0.0
y72	39	72	33	556.423	7	0.0
y73	39	73	34	574.725	6	0.0
y74	39	74	35	590.137	7	0.0
y75	39	75	36	607.628	6	0.0
y76	39	76	37	621.634	3	0.0
y77	39	77	38	637.906	6	0.0
y78	39	78	39	651.600	7	0.0
y79	39	79	40	665.501	6	0.0
y80	39	80	41	676.434	7	0.0
y81	39	81	42	689.305	6	0.0
y82	39	82	43	699.552	3	0.0
y83	39	83	44	711.757	10	0.0
y84	39	84	45	721.660	3	0.0
y85	39	85	46	733.416	2	0.0
y86	39	86	47	742.929	9	0.0
y87	39	87	48	754.736	2	0.0
y88	39	88	49	764.088	9	0.0
y89	39	89	50	775.562	2	0.0
y90	39	90	51	782.419	5	0.0
y91	39	91	52	790.348	2	0.0
y92	39	92	53	796.888	5	0.0
y93	39	93	54	804.370	2	0.0
y94	39	94	55	810.567	5	0.0
y95	39	95	56	817.497	2	0.0
y96	39	96	57	822.708	1	0.0
y97	39	97	58	828.690	2	0.0
y98	39	98	59	832.972	1	0.0
y99	39	99	60	838.777	6	0.0
y100	39	100	61	843.942	3	0.0
y101	39	101	62	849.631	6	0.0
y102	39	102	63	854.683	3	0.0
y103	39	103	64	859.798	6	0.0
y104	39	104	65	863.846	7	0.0
y105	39	105	66	868.358	6	0.0
y106	39	106	67	871.847	7	0.0
y107	39	107	68	875.867	6	0.0
y108	39	108	69	878.964	9	0.0
y109	39	109	70	884.122	6	0.0
y110	39	110	71	886.293	5	0.0
y111	39	111	72	889.635	6	0.0
y112	39	112	73	890.936	7	0.0
y113	39	113	74	894.338	6	0.0
y114	39	114	75	896.090	5	0.0
y115	39	115	76	899.641	10	0.0
y116	39	116	77	901.703	11	0.0
y117	39	117	78	904.714	10	0.0
y118	39	118	79	906.276	9	0.0
y119	39	119	80	908.907	10	0.0
y120	39	120	81	911.689	7	0.0
y121	39	121	82	914.681	2	0.0
y122	39	122	83	914.052	7	0.0
y123	39	123	84	914.644	2	0.0
y124	39	124	85	913.645	7	0.0
y125	39	125	86	913.667	2	0.0
y126	39	126	87	912.458	7	0.0
y127	39	127	88	911.790	2	0.0
y128	39	128	89	909.932	3	0.0
y129	39	129	90	910.423	4	0.0
y130	39	130	91	909.355	7	0.0
y131	39	131	92	909.466	6	0.0
y132	39	132	93	908.388	3	0.0
y133	39	133	94	908.169	6	0.0
y134	39	134	95	906.581	1	0.0
zr72	40	72	32	538.521	1	0.0
zr73	40	73	33	554.953	4	0.0
zr74	40	74	34	574.304	1	0.0
zr75	40	75	35	589.916	4	0.0
zr76	40	76	36	608.217	1	0.0
zr77	40	77	37	622.909	4	0.0
zr78	40	78	38	639.994	1	0.0
zr79	40	79	39	653.719	6	0.0
zr80	40	80	40	669.951	1	0.0
zr81	40	81	41	680.994	2	0.0
zr82	40	82	42	694.769	1	0.0
zr83	40	83	43	705.107	2	0.0
zr84	40	84	44	718.212	1	0.0
zr85	40	85	45	727.941	8	0.0
zr86	40	86	46	740.668	1	0.0
zr87	40	87	47	750.283	10	0.0
zr88	40	88	48	762.629	1	0.0
zr89	40	89	49	771.947	10	0.0
zr90	40	90	50	783.917	1	0.0
zr91	40	91	51	791.111	6	0.0
zr92	40	92	52	799.747	1	0.0
zr93	40	93	53	806.481	6	0.0
zr94	40	94	54	814.703	1	0.0
zr95	40	95	55	821.165	6	0.0
zr96	40	96	56	829.022	1	0.0
zr97	40	97	57	834.597	2	0.0
zr98	40	98	58	841.009	1	0.0
zr99	40	99	59	845.562	2	0.0
nb74	41	74	33	550.832	9	0.0
nb75	41	75	34	569.824	2	0.0
nb76	41	76	35	586.335	5	0.0
nb77	41	77	36	604.897	2	0.0
nb78	41	78	37	620.448	3	0.0
nb79	41	79	38	637.990	2	0.0
nb80	41	80	39	652.361	7	0.0
nb81	41	81	40	669.201	2	0.0
nb82	41	82	41	682.769	3	0.0
nb83	41	83	42	696.825	6	0.0
nb84	41	84	43	707.817	7	0.0
nb85	41	85	44	721.158	10	0.0
nb86	41	86	45	731.907	11	0.0
nb87	41	87	46	744.336	10	0.0
nb88	41	88	47	754.297	17	0.0
nb89	41	89	48	766.946	10	0.0
nb90	41	90	49	777.023	17	0.0
nb91	41	91	50	789.071	10	0.0
nb92	41	92	51	796.959	15	0.0
nb93	41	93	52	805.790	10	0.0
nb94	41	94	53	813.018	13	0.0
nb95	41	95	54	821.507	10	0.0
nb96	41	96	55	828.400	13	0.0
nb97	41	97	56	836.474	10	0.0
nb98	41	98	57	842.468	3	0.0
nb99	41	99	58	849.338	10	0.0
mo77	42	77	35	585.064	10	0.0
mo78	42	78	36	603.776	1	0.0
mo79	42	79	37	618.898	4	0.0
mo80	42	80	38	638.239	1	0.0
mo81	42	81	39	652.701	6	0.0
mo82	42	82	40	668.602	1	0.0
mo83	42	83	41	684.832	8	0.0
mo84	42	84	42	700.961	1	0.0
mo85	42	85	43	712.330	4	0.0
mo86	42	86	44	725.855	1	0.0
mo87	42	87	45	737.065	8	0.0
mo88	42	88	46	750.142	1	0.0
mo89	42	89	47	760.517	10	0.0
mo90	42	90	48	773.752	1	0.0
mo91	42	91	49	783.861	10	0.0
mo92	42	92	50	796.533	1	0.0
mo93	42	93	51	804.603	6	0.0
mo94	42	94	52	814.281	1	0.0
mo95	42	95	53	821.650	6	0.0
mo96	42	96	54	830.805	1	0.0
mo97	42	97	55	837.626	6	0.0
mo98	42	98	56	846.269	1	0.0
mo99	42	99	57	852.195	2	0.0
tc79	43	79	36	599.875	6	0.0
tc80	43	80	37	616.017	7	0.0
tc81	43	81	38	634.278	6	0.0
tc82	43	82	39	649.480	11	0.0
tc83	43	83	40	666.952	6	0.0
tc84	43	84	41	681.323	3	0.0
tc85	43	85	42	700.110	4	0.0
tc86	43	86	43	713.723	5	0.0
tc87	43	87	44	727.710	4	0.0
tc88	43	88	45	739.369	3	0.0
tc89	43	89	46	752.575	4	0.0
tc90	43	90	47	764.009	3	0.0
tc91	43	91	48	776.858	10	0.0
tc92	43	92	49	787.880	17	0.0
tc93	43	93	50	800.620	10	0.0
tc94	43	94	51	809.243	15	0.0
tc95	43	95	52	819.177	10	0.0
tc96	43	96	53	827.049	15	0.0
tc97	43	97	54	836.524	10	0.0
tc98	43	98	55	843.803	13	0.0
tc99	43	99	56	852.770	10	0.0
ru81	44	81	37	614.546	2	0.0
ru82	44	82	38	633.688	1	0.0
ru83	44	83	39	647.759	2	0.0
ru84	44	84	40	666.031	1	0.0
ru85	44	85	41	680.582	2	0.0
ru86	44	86	42	698.174	1	0.0
ru87	44	87	43	715.145	4	0.0
ru88	44	88	44	731.524	1	0.0
ru89	44	89	45	743.462	6	0.0
ru90	44	90	46	757.327	1	0.0
ru91	44	91	47	768.750	10	0.0
ru92	44	92	48	782.571	1	0.0
ru93	44	93	49	793.501	10	0.0
ru94	44	94	50	806.874	1	0.0
ru95	44	95	51	815.828	6	0.0
ru96	44	96	52	826.522	1	0.0
ru97	44	97	53	834.634	6	0.0
ru98	44	98	54	844.817	1	0.0
ru99	44	99	55	852.281	6	0.0
rh83	45	83	38	629.827	4	0.0
rh84	45	84	39	645.189	5	0.0
rh85	45	85	40	663.590	6	0.0
rh86	45	86	41	678.882	7	0.0
rh87	45	87	42	696.683	6	0.0
rh88	45	88	43	711.205	3	0.0
rh89	45	89	44	730.824	6	0.0
rh90	45	90	45	744.454	7	0.0
rh91	45	91	46	758.413	6	0.0
rh92	45	92	47	770.741	3	0.0
rh93	45	93	48	784.626	6	0.0
rh94	45	94	49	796.462	7	0.0
rh95	45	95	50	809.936	10	0.0
rh96	45	96	51	819.347	13	0.0
rh97	45	97	52	830.328	10	0.0
rh98	45	98	53	838.985	5	0.0
rh99	45	99	54	849.457	2	0.0
pd86	46	86	40	663.129	1	0.0
pd87	46	87	41	678.591	2	0.0
pd88	46	88	42	697.203	1	0.0
pd89	46	89	43	711.894	4	0.0
pd90	46	90	44	729.686	1	0.0
pd91	46	91	45	745.930	6	0.0
pd92	46	92	46	762.097	1	0.0
pd93	46	93	47	774.369	8	0.0
pd94	46	94	48	789.092	1	0.0
pd95	46	95	49	800.965	10	0.0
pd96	46	96	50	815.115	1	0.0
pd97	46	97	51	824.756	6	0.0
pd98	46	98	52	836.328	1	0.0
pd99	46	99	53	845.288	6	0.0
ag88	47	88	41	676.020	7	0.0
ag89	47	89	42	694.822	8	0.0
ag90	47	90	43	710.333	9	0.0
ag91	47	91	44	728.285	8	0.0
ag92	47	92	45	743.017	3	0.0
ag93	47	93	46	760.668	8	0.0
ag94	47	94	47	775.260	9	0.0
ag95	47	95	48	790.131	8	0.0
ag96	47	96	49	802.674	3	0.0
ag97	47	97	50	816.994	10	0.0
ag98	47	98	51	827.307	11	0.0
ag99	47	99	52	839.075	10	0.0
cd90	48	90	42	694.301	1	0.0
cd91	48	91	43	709.963	4	0.0
cd92	48	92	44	728.744	1	0.0
cd93	48	93	45	743.706	6	0.0
cd94	48	94	46	761.617	1	0.0
cd95	48	95	47	775.945	8	0.0
cd96	48	96	48	793.425	1	0.0
cd97	48	97	49	805.995	10	0.0
cd98	48	98	50	821.094	1	0.0
cd99	48	99	51	831.388	6	0.0
in92	49	92	43	707.632	7	0.0
in93	49	93	44	726.623	10	0.0
in94	49	94	45	742.375	11	0.0
in95	49	95	46	760.457	10	0.0
in96	49	96	47	775.548	3	0.0
in97	49	97	48	791.613	10	0.0
in98	49	98	49	806.577	11	0.0
in99	49	99	50	822.027	10	0.0
sn94	50	94	44	726.313	1	0.0
sn95	50	95	45	742.204	2	0.0
sn96	50	96	46	761.086	1	0.0
sn97	50	97	47	776.347	10	0.0
sn98	50	98	48	794.479	1	0.0
sn99	50	99	49	807.170	10	0.0
sb97	51	97	46	755.355	2	0.0
sb98	51	98	47	771.337	7	0.0
sb99	51	99	48	789.478	2	0.0
te99	52	99	47	768.426	8	0.0
i101	53	101	48	781.837	2	0.0
i102	53	102	49	797.668	7	0.0
i103	53	103	50	815.510	4	0.0
i104	53	104	51	829.212	3	0.0
i105	53	105	52	844.493	2	0.0
i106	53	106	53	856.575	3	0.0
i107	53	107	54	870.716	2	0.0
i108	53	108	55	882.920	3	0.0
i109	53	109	56	895.953	2	0.0
i110	53	110	57	906.732	3	0.0
i111	53	111	58	919.430	6	0.0
i112	53	112	59	929.650	3	0.0
i113	53	113	60	941.754	2	0.0
i114	53	114	61	951.493	3	0.0
i115	53	115	62	963.107	6	0.0
i116	53	116	63	972.333	3	0.0
i117	53	117	64	983.347	6	0.0
i118	53	118	65	991.955	5	0.0
i119	53	119	66	1002.821	6	0.0
i120	53	120	67	1010.916	5	0.0
i121	53	121	68	1021.486	6	0.0
i122	53	122	69	1029.350	3	0.0
i123	53	123	70	1039.285	6	0.0
i124	53	124	71	1046.778	5	0.0
i125	53	125	72	1056.321	6	0.0
i126	53	126	73	1063.467	5	0.0
i127	53	127	74	1072.611	6	0.0
i128	53	128	75	1079.437	3	0.0
i129	53	129	76	1088.274	8	0.0
i130	53	130	77	1094.775	11	0.0
i131	53	131	78	1103.358	8	0.0
i132	53	132	79	1109.685	9	0.0
i133	53	133	80	1117.944	8	0.0
i134	53	134	81	1124.201	9	0.0
i135	53	135	82	1131.990	8	0.0
i136	53	136	83	1135.771	3	0.0
i137	53	137	84	1140.846	8	0.0
i138	53	138	85	1144.746	5	0.0
i139	53	139	86	1149.325	8	0.0
i140	53	140	87	1152.831	1	0.0
i141	53	141	88	1157.149	2	0.0
i142	53	142	89	1160.423	3	0.0
i143	53	143	90	1164.415	4	0.0
i144	53	144	91	1167.428	3	0.0
i145	53	145	92	1170.466	2	0.0
i146	53	146	93	1173.128	3	0.0
i147	53	147	94	1177.029	2	0.0
i148	53	148	95	1179.431	7	0.0
i149	53	149	96	1183.112	4	0.0
i150	53	150	97	1185.184	7	0.0
i151	53	151	98	1188.585	4	0.0
i152	53	152	99	1190.577	5	0.0
i153	53	153	100	1193.669	4	0.0
i154	53	154	101	1195.440	7	0.0
i155	53	155	102	1198.292	4	0.0
i156	53	156	103	1199.923	5	0.0
i157	53	157	104	1202.305	10	0.0
i158	53	158	105	1203.306	11	0.0
i159	53	159	106	1205.508	10	0.0
i160	53	160	107	1206.360	11	0.0
i161	53	161	108	1208.391	10	0.0
i162	53	162	109	1209.123	9	0.0
i163	53	163	110	1211.044	10	0.0
i164	53	164	111	1211.596	11	0.0
i165	53	165	112	1213.187	4	0.0
i166	53	166	113	1213.609	1	0.0
i167	53	167	114	1215.241	4	0.0
i168	53	168	115	1215.732	13	0.0
i169	53	169	116	1217.134	4	0.0
i170	53	170	117	1217.355	13	0.0
i171	53	171	118	1219.027	4	0.0
i172	53	172	119	1218.848	7	0.0
i173	53	173	120	1220.070	6	0.0
i174	53	174	121	1220.022	5	0.0
i175	53	175	122	1221.263	6	0.0
i176	53	176	123	1221.725	7	0.0
i177	53	177	124	1222.946	6	0.0
i178	53	178	125	1223.198	5	0.0
i179	53	179	126	1224.009	4	0.0
w154	74	154	80	1192.782	1	0.0
w155	74	155	81	1204.903	2	0.0
w156	74	156	82	1219.445	1	0.0
w157	74	157	83	1229.507	8	0.0
w158	74	158	84	1241.113	1	0.0
w159	74	159	85	1250.717	4	0.0
w160	74	160	86	1262.923	1	0.0
w161	74	161	87	1272.040	4	0.0
w162	74	162	88	1283.706	1	0.0
w163	74	163	89	1292.685	4	0.0
w164	74	164	90	1304.081	1	0.0
w165	74	165	91	1312.781	6	0.0
w166	74	166	92	1323.883	1	0.0
w167	74	167	93	1332.151	2	0.0
w168	74	168	94	1343.024	1	0.0
w169	74	169	95	1351.123	6	0.0
w170	74	170	96	1361.570	1	0.0
w171	74	171	97	1369.435	6	0.0
w172	74	172	98	1379.517	1	0.0
w173	74	173	99	1387.219	6	0.0
w174	74	174	100	1396.790	1	0.0
w175	74	175	101	1404.268	2	0.0
w176	74	176	102	1413.348	1	0.0
w177	74	177	103	1420.480	2	0.0
w178	74	178	104	1429.266	1	0.0
w179	74	179	105	1436.225	8	0.0
w180	74	180	106	1444.637	1	0.0
w181	74	181	107	1451.318	10	0.0
w182	74	182	108	1459.383	1	0.0
w183	74	183	109	1465.574	2	0.0
w184	74	184	110	1472.986	1	0.0
w185	74	185	111	1478.740	4	0.0
w186	74	186	112	1485.932	1	0.0
w187	74	187	113	1491.399	4	0.0
w188	74	188	114	1498.232	1	0.0
w189	74	189	115	1503.115	4	0.0
w190	74	190	116	1510.005	1	0.0
w191	74	191	117	1514.892	10	0.0
w192	74	192	118	1521.501	1	0.0
w193	74	193	119	1526.093	2	0.0
w194	74	194	120	1532.545	1	0.0
w195	74	195	121	1537.106	2	0.0
w196	74	196	122	1543.358	1	0.0
w197	74	197	123	1547.889	4	0.0
w198	74	198	124	1553.891	1	0.0
w199	74	199	125	1558.363	2	0.0
w200	74	200	126	1563.764	1	0.0
w201	74	201	127	1566.026	10	0.0
w202	74	202	128	1570.007	1	0.0
w203	74	203	129	1571.699	4	0.0
w204	74	204	130	1575.090	1	0.0
w205	74	205	131	1576.562	2	0.0
w206	74	206	132	1580.014	1	0.0
w207	74	207	133	1581.685	6	0.0
w208	74	208	134	1585.287	1	0.0
w209	74	209	135	1587.098	4	0.0
w210	74	210	136	1590.420	1	0.0
w211	74	211	137	1592.291	4	0.0
w212	74	212	138	1595.703	1	0.0
w213	74	213	139	1597.545	6	0.0
w214	74	214	140	1600.886	1	0.0
w215	74	215	141	1602.618	6	0.0
w216	74	216	142	1605.759	1	0.0
w217	74	217	143	1607.351	2	0.0
w218	74	218	144	1610.382	1	0.0
w219	74	219	145	1611.864	6	0.0
w220	74	220	146	1614.646	1	0.0
w221	74	221	147	1616.007	8	0.0
w222	74	222	148	1618.639	1	0.0
w223	74	223	149	1619.820	8	0.0
w224	74	224	150	1622.272	1	0.0
w225	74	225	151	1623.213	10	0.0
w226	74	226	152	1625.435	1	0.0
w227	74	227	153	1625.977	8	0.0
w228	74	228	154	1627.838	1	0.0
w229	74	229	155	1628.310	2	0.0
w230	74	230	156	1630.171	1	0.0
w231	74	231	157	1630.623	4	0.0
w232	74	232	158	1632.415	1	0.0
w233	74	233	159	1632.876	10	0.0
w234	74	234	160	1634.568	1	0.0
w235	74	235	161	1634.839	12	0.0
w236	74	236	162	1636.351	1	0.0
w237	74	237	163	1636.122	14	0.0
w238	74	238	164	1636.984	1	0.0
w239	74	239	165	1636.376	4	0.0
w240	74	240	166	1636.897	1	0.0
w241	74	241	167	1636.169	6	0.0
w242	74	242	168	1635.900	1	0.0
w243	74	243	169	1635.352	10	0.0
w244	74	244	170	1636.243	1	0.0
w245	74	245	171	1633.145	4	0.0
w246	74	246	172	1633.937	1	0.0
w247	74	247	173	1632.498	2	0.0
u205	92	205	113	1539.641	4	0.0
u206	92	206	114	1550.902	1	0.0
u207	92	207	115	1560.474	4	0.0
u208	92	208	116	1571.585	1	0.0
u209	92	209	117	1580.727	4	0.0
u210	92	210	118	1591.979	1	0.0
u211	92	211	119	1601.020	4	0.0
u212	92	212	120	1611.852	1	0.0
u213	92	213	121	1620.453	4	0.0
u214	92	214	122	1630.595	1	0.0
u215	92	215	123	1639.026	4	0.0
u216	92	216	124	1649.108	1	0.0
u217	92	217	125	1656.860	4	0.0
u218	92	218	126	1665.708	1	0.0
u219	92	219	127	1672.491	4	0.0
u220	92	220	128	1680.745	1	0.0
u221	92	221	129	1687.255	4	0.0
u222	92	222	130	1695.618	1	0.0
u223	92	223	131	1702.151	4	0.0
u224	92	224	132	1710.347	1	0.0
u225	92	225	133	1716.755	4	0.0
u226	92	226	134	1724.875	1	0.0
u227	92	227	135	1731.253	4	0.0
u228	92	228	136	1739.122	1	0.0
u229	92	229	137	1745.208	4	0.0
u230	92	230	138	1752.875	1	0.0
u231	92	231	139	1758.754	6	0.0
u232	92	232	140	1766.022	1	0.0
u233	92	233	141	1771.785	6	0.0
u234	92	234	142	1778.630	1	0.0
u235	92	235	143	1783.927	8	0.0
u236	92	236	144	1790.473	1	0.0
u237	92	237	145	1795.599	2	0.0
u238	92	238	146	1801.754	1	0.0
u239	92	239	147	1806.560	6	0.0
u240	92	240	148	1812.491	1	0.0
u241	92	241	149	1817.080	4	0.0
u242	92	242	150	1822.729	1	0.0
u243	92	243	151	1826.670	4	0.0
u244	92	244	152	1832.332	1	0.0
u245	92	245	153	1836.084	4	0.0
u246	92	246	154	1840.915	1	0.0
u247	92	247	155	1844.167	4	0.0
u248	92	248	156	1849.148	1	0.0
u249	92	249	157	1852.530	4	0.0
u250	92	250	158	1857.321	1	0.0
u251	92	251	159	1860.683	4	0.0
u252	92	252	160	1865.435	1	0.0
u253	92	253	161	1868.656	4	0.0
u254	92	254	162	1873.168	1	0.0
u255	92	255	163	1875.999	4	0.0
u256	92	256	164	1880.001	1	0.0
u257	92	257	165	1882.632	4	0.0
u258	92	258	166	1886.364	1	0.0
u259	92	259	167	1888.996	4	0.0
u260	92	260	168	1892.747	1	0.0
u261	92	261	169	1895.219	4	0.0
u262	92	262	170	1899.030	1	0.0
u263	92	263	171	1901.432	4	0.0
u264	92	264	172	1906.023	1	0.0
u265	92	265	173	1907.435	4	0.0
u266	92	266	174	1910.927	1	0.0
u267	92	267	175	1913.118	4	0.0
u268	92	268	176	1916.810	1	0.0
u269	92	269	177	1918.731	4	0.0
u270	92	270	178	1921.833	1	0.0
u271	92	271	179	1923.264	4	0.0
u272	92	272	180	1926.226	1	0.0
u273	92	273	181	1927.748	4	0.0
u274	92	274	182	1930.319	1	0.0
u275	92	275	183	1931.541	4	0.0
u276	92	276	184	1933.652	1	0.0
u277	92	277	185	1933.484	4	0.0
u278	92	278	186	1935.255	1	0.0
u279	92	279	187	1935.107	4	0.0
u280	92	280	188	1937.889	1	0.0
u281	92	281	189	1938.540	4	0.0
u282	92	282	190	1940.422	1	0.0
u283	92	283	191	1940.893	4	0.0
u284	92	284	192	1942.555	1	0.0
u285	92	285	193	1942.946	4	0.0
u286	92	286	194	1944.528	1	0.0
u287	92	287	195	1944.770	4	0.0
u288	92	288	196	1946.061	1	0.0
u289	92	289	197	1946.083	4	0.0
u290	92	290	198	1947.404	1	0.0
u291	92	291	199	1947.286	4	0.0
u292	92	292	200	1947.417	1	0.0
u293	92	293	201	1947.269	4	0.0
u294	92	294	202	1948.431	1	0.0
u295	92	295	203	1948.142	4	0.0
